x
-1 1
1 0 0.873577607898
2 0 0.520682633877
3 0 0.46095633137
4 0 0.64226600188
5 0 0.869143396036
6 0 0.586915971754
7 0 0.480205499304
8 0 0.692977382182
9 -3.19712129829e-15 0.830715114896
10 -3.53674830843e-17 0.45716833311
11 -1.96282883095e-17 0.514069255385
12 -5.57139100238e-17 0.658264593841
13 -4.28568538645e-16 0.823128987204
14 -3.42854830916e-17 0.808246328806
15 -2.06985211399e-16 0.495650810086
16 -1.49998988526e-16 0.7251612375649999
17 -2.77926697311e-15 0.6822472403199999
18 -3.38043458511e-15 0.435282369675
19 -1.65746599643e-15 0.485626749079
20 -1.70329202914e-15 0.594677193211
21 -3.23917458614e-15 0.806354731254
22 -1.78819034517e-15 0.7986013519389999
23 -3.28099350058e-15 0.437530986144
24 -1.09713542245e-15 0.718200058795
25 -1.02106454332e-14 0.7647570882419999
26 -5.20596927963e-15 0.418990701446
27 -1.4235131537e-15 0.57197420029
28 -2.08816886317e-15 0.7427762435
29 -6.62138392206e-15 0.818920318916
30 -7.06360788262e-15 0.651975613009
31 -5.58816535595e-15 0.491436312605
32 -5.87646774459e-15 0.713096676804
33 -9.2656518055e-15 0.658475657458
34 -6.20781528227e-15 0.457879442166
35 -1.53306564199e-15 0.471292152815
36 -1.70329208578e-15 0.710522878945
37 -8.826362568169999e-15 0.935519770149
38 -1.18284286536e-14 0.6819205462820001
39 -1.02176766358e-14 0.505960345455
40 -1.6777900161e-14 0.558534474355
41 -3.29179166158e-15 0.695319587632
42 -4.18537356287e-15 0.442457392203
43 -3.99728969694e-15 0.458762268058
44 -8.112300779389999e-15 0.739659449985
45 -5.30052229319e-15 0.857362887964
46 -6.28295287413e-15 0.701480454831
47 -9.984484361900001e-15 0.534700339306
48 -8.314765360380001e-15 0.803115138631
49 -4.25782843143e-15 0.628088998535
50 -4.18536341476e-15 0.537241777009
51 -3.9976502323e-15 0.689071324343
52 -8.111775120219999e-15 0.734584962526
53 -5.30052229319e-15 0.883265097821
54 -1.96705827958e-14 0.518993590436
55 -9.11238947214e-15 0.599641567615
56 -1.29632380912e-14 0.8528345024440001
57 -1.44684738646e-14 0.891866942294
58 -4.18537356287e-15 0.500331200833
59 -3.99706937237e-15 0.560712087399
60 -2.79185617393e-15 0.663384148539
61 -1.07249276796e-15 0.857391406451
62 -1.96706262854e-14 0.462841658424
63 -5.9605607831e-15 0.413809704706
64 -1.30610899575e-14 0.702347342995
65 -3.34819170816e-19 0.862039202092
66 0 0.517665911515
67 -6.16904322229e-18 0.436334172977
68 -4.85523604335e-17 0.644675151034
69 0 0.785065077902
70 -1.31860991465e-17 0.624279463905
71 -4.01783004979e-19 0.481574821479
72 0 0.763063226374
73 -5.16367446322e-19 0.845079831295
74 -5.52757657148e-16 0.463983454232
75 -1.33927668326e-18 0.604253372073
76 -1.33913764282e-19 0.737524737683
77 -8.935882019280001e-18 0.79696368952
78 -2.37401044691e-17 0.664289301183
79 -1.33927581422e-19 0.427958362356
80 -3.84226784555e-19 0.677789686283
81 -5.09835847785e-15 0.74938691602
82 -3.79525699102e-15 0.505966728161
83 -9.870469155659999e-16 0.533351021131
84 -2.00824296488e-15 0.715004457623
85 -3.31604906776e-16 0.741466971969
86 -2.5389337723e-15 0.6857836668740001
87 -3.46966567044e-15 0.526504942849
88 -3.47788621909e-15 0.737091005388
89 -3.0524794165e-15 0.751278583575
90 -3.6351816358e-15 0.369623536505
91 -2.2936558148e-15 0.506766665041
92 -3.53125808181e-15 0.713151025353
93 -3.12842038801e-15 0.785509542016
94 -6.87182866183e-15 0.703248512502
95 -6.56433073535e-15 0.584088762957
96 -6.09985342154e-15 0.8597688615320001
97 -6.36370515078e-15 0.688243093891
98 -3.22417073482e-15 0.60894739524
99 -2.29471666911e-15 0.542560553641
100 -3.03700449999e-15 0.689610971861
101 -3.12212180403e-15 0.776858448545
102 -6.87182866183e-15 0.563537715441
103 -7.1252198103e-15 0.5259083265309999
104 -3.28176358467e-15 0.698957706467
105 -6.53781305702e-15 0.686368287466
106 -3.15599865543e-15 0.525079299462
107 -8.31958675644e-16 0.712642925136
108 -2.8968554659e-15 0.751827063087
109 -1.8664159858e-15 0.8755817163039999
110 -7.72017672366e-15 0.662588553079
111 -4.79544356254e-15 0.707565801226
112 -3.83297989918e-15 0.8998087733970001
113 -3.0524771223e-15 0.618768523516
114 -1.05801866913e-15 0.587266529068
115 -1.4894093234e-15 0.502999188256
116 -4.33542966325e-15 0.710461531486
117 -5.14923652803e-15 0.733899513206
118 -5.59106266478e-15 0.715494856271
119 -2.53524364013e-15 0.547299530129
120 -6.51283838521e-15 0.832745365606
121 -1.02856449275e-16 0.903180655925
122 -3.05171273228e-15 0.491192302054
123 -5.64906678668e-15 0.543401776369
124 -1.26516477495e-15 0.631364421171
125 -2.99939472086e-15 0.756375872362
126 -4.76176967528e-15 0.595347923509
127 -2.24583633543e-15 0.519227719154
128 -3.96134345634e-15 0.728006140057
129 0 0.896989193489
130 0 0.501013797919
131 0 0.456735138205
132 -4.91816005256e-18 0.623282324831
133 0.00270297504398 0.75287131191
134 -1.39262629128e-17 0.6814019706609999
135 -7.431803765939999e-18 0.441940515542
136 -6.2535122542e-19 0.6891052959939999
137 0.000638255608442 0.837909946929
138 -2.11211589425e-18 0.379652948605
139 0.000329269348049 0.509577878113
140 -5.23928706667e-19 0.62651715766
141 0.000165734805481 0.737684557585
142 -4.51220393733e-17 0.698425874352
143 0.000287979142666 0.337506729534
144 -3.43218832815e-18 0.690507682424
145 0.00129899036566 0.761695120883
146 -2.13471406773e-16 0.533683698345
147 -2.06775403227e-16 0.482100564946
148 -7.65388436903e-17 0.73443326075
149 5.003321933e-16 0.719217114139
150 -1.06400944212e-15 0.607095751047
151 2.04418056508e-18 0.43622053826
152 -6.21585141344e-17 0.685687230894
153 0.000503091496113 0.694975776112
154 2.64082108193e-18 0.338084305882
155 -2.0678073353e-16 0.579450584649
156 -7.42753246058e-16 0.707454351939
157 5.00345090976e-16 0.773108934463
158 -1.0640368704e-15 0.606842187706
159 -5.46533960485e-15 0.509934488417
160 -2.43812890926e-17 0.839424755328
161 -8.61399593289e-16 0.740154134973
162 -1.74838042294e-15 0.576421047815
163 -7.83596491583e-16 0.486370273539
164 -1.33407938837e-15 0.655851735003
165 -3.81800576709e-15 0.764350841925
166 -1.01983392696e-15 0.579541749372
167 -3.63396432681e-15 0.417990171543
168 -3.46491342168e-15 0.743791874401
169 -1.07945065833e-15 0.711835514351
170 -1.96152658423e-15 0.389967658189
171 -6.78343640073e-15 0.441079766426
172 -8.64851310985e-15 0.792612154504
173 2.03998624395e-15 0.793979377079
174 -1.98427233392e-15 0.618124319887
175 -6.65723738516e-15 0.446977659497
176 -5.76686663549e-15 0.918406690127
177 1.13570662741e-15 0.648732471889
178 -5.01960900888e-16 0.583615397647
179 -1.08061039153e-15 0.5561104940529999
180 -8.55396017601e-16 0.6987505083410001
181 -1.68159580351e-15 0.75264752436
182 -1.02082567685e-15 0.577077113784
183 4.00216152689e-16 0.563517958137
184 -3.82390278606e-15 0.93158490024
185 -1.54328708216e-15 0.923282611366
186 -2.4470939333e-15 0.396472263889
187 -1.20243591935e-15 0.584474912208
188 -8.55396017601e-16 0.799592038528
189 -1.68159580351e-15 0.819889692866
190 -7.6538126002e-16 0.510883405639
191 7.34459333102e-16 0.511200195869
192 -3.82390278606e-15 0.857932569147
193 0.000257399685774 0.839325478022
194 1.57364542415e-18 0.391301038685
195 5.39057262314e-18 0.463250682966
196 -1.10657406953e-17 0.609217266723
197 0.00185641723262 0.776930969253
198 -1.3928313291e-17 0.513648694165
199 -7.43289795816e-18 0.326420790758
200 -6.74066729233e-19 0.572740442448
201 0.0012250166256 0.795536847335
202 0.00109753788454 0.432427413982
203 0.000763943604511 0.556995591335
204 -1.42132567519e-18 0.766292000908
205 0.000477939192007 0.7864375128110001
206 0.000248100493505 0.661022052082
207 0.00130953995755 0.365778443223
208 1.30288186892e-18 0.710639273315
209 0.000214283852075 0.772931454737
210 0.000206427110544 0.365305818384
211 0.000156259808581 0.535164470161
212 0.000193788762159 0.651972017931
213 0.000119893672952 0.795633083155
214 0.000576549806593 0.572334301453
215 0.00156172425258 0.357009805634
216 0.00083077204971 0.706559905282
217 0.00119262672901 0.685948121039
218 0.00166107540204 0.368356794884
219 0.000520815475719 0.461553799805
220 2.11767760969e-05 0.759174805432
221 0.000397542139426 0.796307307672
222 0.000374888928921 0.547763494986
223 0.00179566835141 0.391119150817
224 -4.26571257e-18 0.863837462175
225 0.00250089585419 0.72489241087
226 0.00196527262586 0.534482336245
227 0.00100911922758 0.483307673284
228 -5.36242282079e-18 0.667231237145
229 0.00038192892827 0.777151340115
230 0.000721536607132 0.57681156803
231 0.00309876811847 0.440461494244
232 3.34261363881e-18 0.716636790093
233 0.00121223257525 0.84837531518
234 4.58567999415e-16 0.367928519778
235 1.0789205033e-15 0.536044435148
236 -1.23427648441e-15 0.7811862258109999
237 1.91998564241e-15 0.831238188241
238 -3.77140036902e-16 0.643045636008
239 1.8029329463e-15 0.650984162053
240 3.69309854128e-18 0.914495514676
241 -3.23944244148e-15 0.795139217524
242 -1.88570157004e-16 0.400550515062
243 -2.03570055856e-17 0.432690547303
244 -2.21359102837e-16 0.6851217409980001
245 -9.664220546439999e-16 0.690031113492
246 3.07497926478e-16 0.636190700365
247 -4.08144569225e-16 0.492004670472
248 -1.17052782117e-16 0.960481240689
249 3.17247860732e-15 0.933154059382
250 2.51784016454e-16 0.445708246493
251 -1.02089990205e-15 0.553679060176
252 -5.22006514217e-18 0.728697508431
253 -1.09043375044e-15 0.741874246913
254 1.00177895908e-16 0.612716909321
255 -1.61981764543e-15 0.412463420764
256 4.59721646043e-18 0.70940671425
257 -1.75780064678e-17 0.815520541362
258 -2.94463589996e-18 0.367554615687
259 5.39058865014e-18 0.484236476946
260 -1.10657735955e-17 0.5995046008579999
261 -2.91962316952e-17 0.867344376362
262 -9.1016018726e-17 0.600018702998
263 -6.12751961364e-16 0.447227298744
264 -1.44554853271e-16 0.595897705248
265 0.000174657213472 0.812645318647
266 1.23883091312e-18 0.490901524631
267 -4.35264915422e-19 0.622061006187
268 2.17632457711e-19 0.740808862381
269 1.01785026376e-17 0.724301335028
270 1.00445749713e-18 0.584540401492
271 -4.59037076187e-17 0.287625852552
272 2.79574003367e-18 0.6633514990429999
273 0.00149569093144 0.713105042694
274 0.00176097465857 0.362554989764
275 0.00231281606428 0.590229116849
276 0.000353211076299 0.654915048206
277 0.000840983982756 0.816646260035
278 0.00137019287845 0.452967752987
279 0.00335611095585 0.479596244243
280 0.00240953589438 0.637459658159
281 0.0042625995843 0.6369150295
282 0.00154710915808 0.411724582623
283 0.000978712526883 0.466642316356
284 0.000440080148822 0.692687257196
285 0.000382018739755 0.709527763759
286 0.000492159909059 0.495904027173
287 0.00425322090987 0.475568894052
288 0.0046566959531 0.854225359635
289 0.00205235884063 0.680594600799
290 0.00189207480912 0.421100807234
291 0.000755847288041 0.52571898749
292 0.000163667227372 0.694341130141
293 0.000750445845512 0.7001295161610001
294 0.000625306771328 0.480453683185
295 0.0020569556475 0.619324424481
296 0.00293992576879 0.710101588192
297 0.00162066427011 0.817166061422
298 0.00081474967388 0.394121827284
299 0.000113107223208 0.579353402857
300 5.66000843626e-16 0.738218419772
301 0.000157759939905 0.674375656544
302 0.000388814432352 0.515658177023
303 0.00312606930759 0.5584487157519999
304 -7.85603976394e-16 0.880497619107
305 0.00104817429142 0.854086040321
306 1.7999799415e-16 0.343854152717
307 1.49060838905e-15 0.430392449759
308 2.88920887485e-15 0.663141262136
309 -4.96869463018e-16 0.725891005933
310 -2.35711659006e-15 0.6825408229910001
311 -4.45642355308e-16 0.421764518246
312 3.03398404723e-15 0.962493833791
313 -4.11425797099e-16 0.829816264638
314 -3.05223464873e-15 0.394944384086
315 -1.81726453152e-15 0.46046732764
316 -1.15775802633e-15 0.7678476895
317 -1.99498654739e-15 0.716159386152
318 -1.4664727937e-15 0.765590957458
319 1.90906908597e-16 0.480593217004
320 -4.35042840235e-15 0.701203919897
321 1.08923570638e-16 0.80074624192
322 -8.57739665588e-17 0.438188938811
323 -1.25650163181e-16 0.568341360613
324 -1.50940771105e-16 0.719425175526
325 0.00187380824505 0.840967670003
326 -2.07008309308e-16 0.391630665099
327 -1.3327748938e-16 0.414689569838
328 -1.3261002991e-16 0.540838437286
329 0.00148484222018 0.82118661624
330 1.11531896277e-17 0.353842563586
331 4.32935640389e-17 0.660714763015
332 -1.12011603358e-16 0.761141224569
333 0.0015971783197 0.6120262968820001
334 -9.491821892349999e-17 0.427978574775
335 0.00238580438676 0.370099330357
336 -1.28418766779e-16 0.69633077243
337 0.00109340747446 0.792921501397
338 0.00294830383692 0.429170735116
339 0.000459068715467 0.596248397951
340 1.05298794294e-16 0.76050484971
341 0.000344751508161 0.829133970376
342 8.507679672740001e-05 0.540741347231
343 0.00245881472123 0.321110472426
344 0.00120151515614 0.686361090458
345 0.00428172347263 0.681787269103
346 0.00294059381459 0.369699337084
347 0.00101148019997 0.580344266106
348 0.000286956247185 0.780291169486
349 0.000798090469015 0.82252083641
350 0.001264277112 0.514467968528
351 0.00288577549409 0.382342947967
352 0.00100018165959 0.818542158231
353 0.00312796707241 0.629893107907
354 0.000228907007732 0.445360305036
355 0.000541788079597 0.620270140441
356 5.97471108575e-16 0.702063945542
357 0.000504828023576 0.825143165717
358 2.94186960984e-16 0.52065749875
359 0.000663376589771 0.472182534973
360 -1.12992408935e-15 0.694092704452
361 -6.02004869127e-16 0.83691110509
362 2.35960462441e-15 0.337043997655
363 3.5599648337e-16 0.498531331993
364 -3.32604553884e-18 0.706118843093
365 -1.52141831219e-16 0.73475430216
366 5.0652281209e-16 0.561745401345
367 3.35287917655e-16 0.690609891209
368 -7.52070821487e-16 0.877244725886
369 -4.25689093776e-16 0.86145174428
370 1.78639420397e-15 0.486691383587
371 2.9415538252e-16 0.578031099373
372 6.42417543045e-16 0.624202217647
373 1.56226625103e-16 0.7965890144959999
374 3.32282915597e-16 0.626280548432
375 1.63308050566e-16 0.67361680703
376 -8.79670407485e-16 0.9586833819940001
377 -1.24418803875e-16 0.901949340549
378 -1.17437916519e-15 0.364255694335
379 -2.3119413684e-16 0.591645905478
380 -2.00989990543e-15 0.723068611299
381 -1.28783696966e-14 0.779939681116
382 2.15364061148e-16 0.539865887077
383 -9.104262827680001e-16 0.485823275582
384 -8.5988259449e-16 0.7564064222969999
385 1.09017122018e-16 0.776875228712
386 -8.584763539719999e-17 0.397453126686
387 -2.12809300262e-16 0.552731941652
388 -2.51863182357e-16 0.715603216484
389 -4.19997167872e-16 0.838914826934
390 -3.71247425877e-16 0.416763591858
391 -3.31803046822e-16 0.345740129914
392 -1.43703196464e-16 0.570380979968
393 5.14282246374e-17 0.730333960137
394 1.24552731544e-17 0.372310199938
395 4.83478882658e-17 0.6080025753129999
396 -1.25088442217e-16 0.761382321999
397 -4.2418248907e-16 0.715504273783
398 -3.61068993808e-16 0.502936278974
399 -2.50117705045e-16 0.392494238573
400 -1.47821170434e-16 0.539909821783
401 -1.60981057328e-16 0.745671900177
402 -2.4630525056e-16 0.529376573584
403 -4.56514041987e-16 0.6998186951399999
404 -1.9216056186e-16 0.76440874077
405 -7.92851796493e-17 0.74662392591
406 -5.62680098263e-16 0.597419623444
407 2.6541514069e-16 0.445633834528
408 1.32707570345e-17 0.548684414909
409 0.00327328016007 0.660069492544
410 1.3510971344e-17 0.378779853777
411 0.00155522235778 0.7065131166
412 4.57588557782e-17 0.71145470088
413 0.000387218165948 0.754987149035
414 -8.285029597730001e-17 0.682817090118
415 0.00208473548528 0.414946191908
416 -4.3209615902e-17 0.7042995029170001
417 0.00310879638225 0.582830193102
418 2.82755110753e-15 0.365807841023
419 -3.00981945861e-15 0.617149855752
420 4.04056972831e-17 0.662835309822
421 0.000269296973379 0.692581332832
422 -4.33543787542e-16 0.5101079915209999
423 2.41467934072e-15 0.444748316853
424 -1.31230536786e-15 0.657699149414
425 0.00113912866239 0.863565284177
426 0.00140666957577 0.387876112521
427 0.000688617497598 0.516933962852
428 0.000183552210555 0.680385359778
429 0.000284976930893 0.814533300186
430 0.00036913226691 0.621979062545
431 0.00174754266652 0.496010855964
432 0.00112710787105 0.7615902935510001
433 0.00242091919646 0.848217192106
434 0.00146248491625 0.439683067129
435 0.000850554035069 0.454922451746
436 0.000780575302565 0.691454170681
437 0.000480611384976 0.825926168256
438 0.000710700406436 0.619902491662
439 0.00342588840938 0.670139553273
440 0.00175152313998 0.912204401425
441 2.29927020983e-15 0.821993662217
442 -1.31425600524e-15 0.431259282937
443 -3.47583315858e-15 0.392117420501
444 -1.47540076535e-14 0.680570430572
445 -1.72509551018e-14 0.905214665449
446 -5.14803693761e-15 0.6324409033590001
447 -9.45154340913e-15 0.680103777555
448 -1.50882911137e-15 0.763423592839
449 -2.74016009396e-16 0.954490262305
450 -1.69528976316e-16 0.348443404317
451 -2.12811064971e-16 0.682203904411
452 -1.51070409872e-16 0.817764083613
453 -4.19997167872e-16 0.944696278537
454 -4.30302906244e-16 0.439753014517
455 -3.31805798279e-16 0.359376116255
456 -2.70093663743e-16 0.58107049285
457 2.6791881441e-17 0.737198459513
458 -5.11413178121e-16 0.371109954151
459 -3.39290629725e-17 0.648962757318
460 -1.25088442217e-16 0.666301837128
461 1.28570561593e-17 0.944696278537
462 -1.28469267566e-17 0.495299257114
463 1.44500475313e-17 0.521637942014
464 -2.45911579177e-16 0.360988342921
465 -1.60981057328e-16 0.7602421414129999
466 -2.47498331067e-16 0.446853588578
467 -5.32496409266e-16 0.7308941072539999
468 -1.90712999697e-16 0.6892218264210001
469 -7.92851796493e-17 0.944696278537
470 -5.83924633903e-16 0.612379177501
471 1.26492817295e-17 0.476523977578
472 -9.65825365391e-17 0.449302082792
473 -2.19641376055e-16 0.747846686468
474 -6.9468816404e-17 0.497521259315
475 -1.4175800582e-16 0.642103148911
476 -1.05264556126e-16 0.7254293339
477 -7.01780982031e-16 0.944696278537
478 -8.13243296544e-16 0.432186260487
479 -9.96569439409e-17 0.41161388364
480 -1.87486862454e-16 0.591011617153
481 -3.52331270979e-16 0.5162615372479999
482 -3.15652407663e-16 0.408327520896
483 -1.20478018192e-16 0.559332169554
484 -5.14316281434e-17 0.711627723157
485 4.07140111712e-17 0.944696278537
486 -1.25832596778e-16 0.656971375194
487 -6.77674001732e-17 0.386231828072
488 -1.2213298589e-16 0.657461313224
489 -3.76843184859e-17 0.850506484896
490 -4.5186038923e-17 0.543507925299
491 2.46397467023e-17 0.520336011819
492 1.93252915312e-18 0.723727364113
493 0.000230377705531 0.944696278537
494 1.1683017153e-17 0.588623956859
495 -8.91598677464e-18 0.555380745809
496 -3.83182933901e-16 0.78081461528
497 2.01158716393e-17 0.8158844087879999
498 -1.03294839092e-15 0.391191346673
499 -1.31916330169e-16 0.46454330163
500 -5.30969925192e-15 0.733725582477
501 3.22096042325e-16 0.944696278537
502 -1.42632966768e-16 0.561021005571
503 -1.4420396803e-15 0.631843149601
504 -9.7640942494e-16 0.889189755677
505 -2.31903498375e-17 0.803900915812
506 -1.74064451207e-15 0.363093270899
507 -1.0705954211e-14 0.461727392022
508 -9.32143045927e-15 0.68164852636
509 4.30694397408e-16 0.944696278537
510 -2.96730265612e-15 0.724405943137
511 -4.02504452824e-15 0.6602047275
512 -8.75503430524e-15 0.729954587681
